333 1
342 1
362 1
372 1
382 1
383 1
397 1
398 1
412 1
413 1
414 1
416 1
1127 2
1128 2
1129 2
1130 2
1131 2
1132 2
1077 2
1078 2
1079 2
1080 2
1081 2
1082 2
1032 2
1033 2
1034 2
1035 2
1036 2
973 2
980 2
981 2
983 2
984 2
985 2
902 2
903 2
904 2
905 2
906 2
907 2
852 2
853 2
854 2
855 2
781 2
780 2
779 2
782 2
783 2
688 2
689 2
690 2
691 2
628 2
629 2
630 2
631 2
632 2
565 2
566 2
567 2
568 2
569 2
570 2
485 2
486 2
487 2
488 2
489 2
490 2
421 2
422 2
423 2
425 2
424 2
426 2
355 2
356 2
357 2
358 2
359 2
360 2
334 2
337 2
338 2
339 2
340 2
341 2
250 2
251 2
252 2
253 2
254 2
255 2
256 2
244 2
245 2
246 2
247 2
248 2
249 2
17 3
18 3
19 3
13 3
14 3
15 3
16 3
9 3
10 3
11 3
12 3
5 3
6 3
7 3
8 3
1 3
2 3
3 3
4 3
20 3
21 3
22 3
23 3
111 3
112 3
114 3
115 3
113 3
116 3
201 4
202 4
203 4
268 4
269 4
270 4
317 4
318 4
319 4
374 4
375 4
373 4
439 4
440 4
441 4
515 4
516 4
517 4
591 4
592 4
593 4
649 4
650 4
651 4
725 4
726 4
727 4
806 4
807 4
808 4
1086 4
1087 4
1088 4
105 5
107 5
165 5
166 5
167 5
204 5
205 5
206 5
271 5
273 5
274 5
313 5
314 5
316 5
376 5
377 5
378 5
448 5
449 5
450 5
518 5
519 5
521 5
595 5
596 5
659 5
660 5
1043 5
728 5
729 5
730 5
809 5
811 5
862 5
892 5
924 5
926 5
1007 5
1008 5
1057 5
1058 5
1064 5
1093 5
1094 5
